10nS:
g_1 = 8.59328u
g_n = 6.68234u
g_m = 30.5535u

r_1 = 98.8835M
r_n = 127.184M
r_m = 35.9801M
r_bn = 289.204M
r_bp = 40.6491M
r_mr = 2.0633M

5nS:
g_1 = 8.13882u
g_n = 7.13685u
g_m = 30.5534u

r_1 = 104.281M
r_n = 118.932M
r_m = 35.9802M
r_bn = 298.546M
r_bp = 40.6491M
r_mr = 2.0633M

2.5nS:
g_1 = 7.8888u
g_n = 7.3869u
g_m = 30.553u

r_1 = 107.59M
r_n = 114.9M
r_m = 35.98M
r_bn = 298.53M
r_bp = 40.649M
r_mr = 2.0633M

